1   // Load 0 as initial value for X counter
0
14  // CopyToX

1
438
12  // SubX
21  // Jump to end if zero
15
4   // Load value at 400 + X index into AC
400
9   // Print ascii of that value
2
25  // IncX
20  // Jump back to loop
3
50
.1000
30
.400
  // beginning of GitHub image in ascii
10
10
32
32
32
32
32
32
32
32
32
45
47
111
121
121
104
104
121
115
111
58
46
32
32
32
32
32
32
32
32
32
10
32
32
32
32
32
32
47
121
78
77
77
77
77
77
77
77
77
77
77
77
77
109
115
45
32
32
32
32
32
32
10
32
32
32
32
43
109
77
77
77
77
77
77
77
77
77
77
77
77
77
77
77
77
77
77
100
45
32
32
32
32
10
32
32
96
100
77
77
77
43
96
58
111
104
121
115
115
115
115
104
104
43
45
96
104
77
77
77
115
32
32
32
10
32
96
109
77
77
77
77
58
32
32
32
32
32
32
32
32
32
32
32
32
32
32
115
77
77
77
77
115
32
32
10
32
111
77
77
77
77
121
32
32
32
32
32
32
32
32
32
32
32
32
32
32
32
46
109
77
77
77
77
45
32
10
32
109
77
77
77
77
46
32
32
32
32
32
32
32
32
32
32
32
32
32
32
32
32
43
77
77
77
77
115
32
10
32
109
77
77
77
77
45
32
32
32
32
32
32
32
32
32
32
32
32
32
32
32
32
111
77
77
77
77
115
32
10
32
115
77
77
77
77
100
96
32
32
32
32
32
32
32
32
32
32
32
32
32
32
45
78
77
77
77
77
58
32
10
32
96
109
77
78
121
109
78
115
47
46
96
32
32
32
32
32
32
96
45
43
104
77
77
77
77
77
121
32
32
10
32
32
46
100
77
109
58
47
109
77
77
104
32
32
32
32
32
46
78
77
77
77
77
77
77
77
121
32
32
32
10
32
32
32
32
43
78
77
43
45
46
46
96
32
32
32
32
32
32
104
77
77
77
77
77
109
58
32
32
32
32
10
32
32
32
32
32
96
47
104
77
77
77
43
32
32
32
32
32
32
104
77
77
78
121
58
32
32
32
32
32
32
10
32
32
32
32
32
32
32
32
96
45
43
46
32
32
32
32
32
32
58
47
45
32
32
32
32
32
32
32
32
32
10
10
10
